	000min_mct1_lfc	000min_mct1_bh	015min_mct1_lfc	015min_mct1_bh	030min_mct1_lfc	030min_mct1_bh	060min_mct1_lfc	060min_mct1_bh	180min_mct1_lfc	180min_mct1_bh
1-Monomyristin	-0.390843369	0.096478819	-0.245554491	0.231152855	-0.745538558	0.004929638	-0.364807488	0.255393868	0.079879953	0.59791704
1-Octadecene	-0.926886848	0.034194962	-0.687895498	0.016784419	-1.036396742	0.000122914	-0.479069226	0.08235997	-0.087137457	0.169910271
1-Palmitoylglycerol	-1.302009572	0.002625466	-0.095056527	0.553683526	-0.94052957	0.002409874	-0.459976272	0.187040618	-0.324755626	0.192603288
1-Steroylglycerol	-1.056584877	0.004787513	-0.376791993	0.010118703	-0.839364953	0.000678339	-0.581974275	0.065247147	0.023399362	0.471027358
"1,6-anhydro-Glucose"	0.1649257	0.395859315	0.339037411	0.055941447	-0.213141941	0.353904328	-0.370402325	0.104294521	0.72941559	0.209014729
2-Hydroxybutyric acid	-0.666106189	0.066506742	0.132051179	0.589944898	-0.460757379	0.316463909	0.009083886	0.985876013	1.286051188	0.212067981
2-Hydroxyglutaric acid	2.388661515	0.000530461	3.246433625	0.000229123	1.945957464	0.043051872	0.941468416	0.100660491	2.433352138	0.01234543
2-Ketoisocaproic acid	-1.146505228	0.039815731	0.459213272	0.154673513	-0.74877351	0.078013676	-0.697632267	0.084890112	0.879216307	0.340641648
2-Monopalmitoylglycerol	0.601364365	0.2739098	-1.380296342	0.222854024	2.04492709	0.049043002	-2.051198262	0.044118746	0.439476107	0.786486847
2-Steroylglycerol	-1.039360446	0.120792246	-0.046655469	0.977749481	-3.119618622	0.163529705	-1.57698289	0.441138506	0.008838073	0.728200325
3-Phosphoglyceric acid	-1.119676775	0.000116499	-1.67109428	0.012080093	-0.645396824	0.213630058	-1.559344895	0.048030511	-0.85824983	0.035164614
4-Hydroxyproline	-0.880296893	0.02053233	-0.093071097	0.513671603	-0.720983491	0.019115878	-0.949271266	0.023273244	0.056555294	0.581794533
Adenine	-1.898401034	9.45988E-06	-1.366494784	8.62024E-06	-1.270148943	0.003819826	-2.203009878	4.26433E-06	-1.341735936	0.006864855
Adenosine	-0.07449742	0.803036928	-0.745299971	0.507984022	-0.50883448	0.052216195	-2.432155395	0.0989912	0.736395815	0.501743613
Adenosine monophosphate	-0.061948355	0.877377331	-0.7924329	0.078026354	-0.422247778	0.322243618	-1.872429297	0.010273104	1.141397659	0.064408379
Adipic acid	-0.368377235	0.153685675	-0.709454274	0.116893229	-0.707294416	0.007935562	0.126147562	0.616959939	0.288210068	0.927253397
Allantoin	1.028968225	0.069536059	1.002707529	0.069606213	0.744370264	0.300853574	1.41143906	0.191583361	-0.179682525	0.463806044
alpha-D-Glucosamine 1-phosphate	-4.465531738	0.000361646	-5.348503448	1.7635E-05	-5.328013215	9.00968E-05	-5.605802396	1.77346E-06	-3.76750574	0.003320015
Arachidic acid	-1.283719364	0.003575517	-1.616408775	0.000571701	-0.585111965	0.148212037	-1.28914952	0.004432485	0.452831364	0.513896189
Arachidonic Acid	0.036307014	0.955018131	-1.514004853	0.129898377	0.31357033	0.707661521	-0.196985326	0.784660838	0.263634109	0.999571164
Azelaic acid	-1.040391055	0.002886223	-0.419951983	0.105540714	-0.725151174	0.006378822	-0.579689604	0.038725862	-0.183123012	0.043115349
Benzoic acid	-1.057140319	0.017924174	0.071825046	0.67845712	-0.429686149	0.093114801	-0.27358016	0.228761094	-0.073426225	0.414692367
Beta-Alanine	-0.474984091	0.03317496	-0.380824072	0.075017472	-0.726440317	0.009844779	-0.475152002	0.110108663	0.274011478	0.948712356
Beta-Glycerophosphoric acid	-0.04921066	0.904445027	0.834200109	0.041582009	0	0.243891021	1.649790422	0.427285087	-0.781151779	0.29974941
Beta-Hydroxyisovaleric acid	-1.233034357	0.083837849	-0.21092049	0.484229765	-0.120526317	0.696133893	-1.494266358	0.001479853	0.037483055	0.667729852
Capric acid	-0.971317199	0.047636712	0.040104624	0.820245439	-0.347790965	0.271224829	0.445666524	0.166919106	-0.025140753	0.387327509
Cellobiose	-2.162271966	0.008251781	0.159681827	0.84971456	0.702437738	0.139525567	-0.762413447	0.236700704	1.270286284	0.404604578
cis-Aconitic acid	-0.246479185	0.710560371	0.18960545	0.866284268	0.743625974	0.546827625	0.088305077	0.932578404	-2.01520502	0.091691215
Citric acid	0.183446037	0.425092817	-1.753735688	0.002247909	-2.75307102	1.88817E-05	-3.651410871	2.60895E-05	-2.593905396	4.36152E-05
Cystathionine	0.247011826	0.694961473	0.069394266	0.839915921	-1.684803456	6.7843E-05	-1.983211236	0.004864016	-0.263944704	0.556232373
D-Fructose	-0.193893154	0.386326029	0.735429273	0.004843035	-0.258580883	0.615164173	-2.611958068	0.002984006	0.093642679	0.674586507
D-Glucose	-1.212184779	0.016400778	1.53766345	0.072313221	-1.153392853	0.12282192	-2.007376977	0.030602325	1.521660751	0.105273557
D-Malic acid	2.728950429	3.52537E-10	2.606714394	7.67508E-08	1.25026886	7.82371E-05	0.259735238	0.41886726	1.935864764	6.9225E-05
D-Mannose	0.339488019	0.150446821	0.557460496	0.026535956	0.259724069	0.434177993	-0.96296232	0.050298279	0.596490052	0.432965569
D-Ribose-5-phosphate	0.284228313	0.481384564	-0.818661913	0.000118337	0.09872187	0.661736681	-0.075753536	0.75413215	0.691032747	0.360839535
D-Threitol	-0.40706238	0.000865835	-0.360216551	0.213541875	-0.009849141	0.978178679	-1.629188562	0.055345875	1.356008189	0.039519765
Eicosane	-1.090690796	0.010578204	-1.005895103	0.011189221	-1.743393408	0.013371461	-0.372721082	0.476068116	1.105927079	0.27138899
Elaidic acid	-0.415747219	0.420823926	-0.717527122	0.018546153	-1.140686994	0.006103023	-0.645277506	0.158988992	-0.317553327	0.101067537
Ergosterol	-1.233377297	0.060114452	-1.829076584	0.013381607	1.423992467	0.033965811	0.716367521	0.30488206	0.952599193	0.304270521
Ethanolamine	-1.335518045	0.012544156	0.248956523	0.177543724	-0.525066775	0.114139323	-1.077594355	0.011668272	-0.672045962	0.057504806
Ethanolamine	-0.812571566	0.019044696	0.260990842	0.107745949	-0.320492968	0.127105524	0.069147789	0.733344874	-0.467798011	0.073277245
"fructose-1,6-diphosphate"	-0.225557267	0.55616295	-0.576382163	0.164637962	-0.678747253	0.368861422	-3.033100556	0.021392484	1.202991642	0.115472583
Fructose-6-phosphate	0.187465355	0.506007416	-0.975317718	0.014019559	-0.104703812	0.805330663	-2.387632022	0.001096854	0.073523355	0.606185592
Fumaric acid	2.588709849	3.55362E-08	1.003675362	2.09143E-06	0.523905962	0.001915589	0.270094918	0.309861413	1.60914071	6.2161E-06
Galactonic acid	-1.370877625	0.010841879	-1.480724977	6.77257E-05	-0.680827535	0.119836828	-0.429233809	0.169014615	1.176623527	0.044584785
Glucose 6-phosphate	-0.14987541	0.47626726	-0.497647756	0.181915218	-0.15191735	0.684231897	-2.121090398	0.001024903	-0.20011975	0.121661218
Glutamine	-0.937262431	0.140129508	-2.261819034	0.006017994	-3.606143465	0.026601729	-3.40598454	0.068286321	-0.489450259	0.231432922
Glutathione	-0.047879701	0.936054866	-1.036427405	0.100748267	-1.643386861	0.086219246	-3.447576063	0.134965609	1.833199629	0.080561996
Glycerol	-1.347435078	0.125811865	0.729108691	0.06071969	0.080211139	0.830335314	-0.328032618	0.371043045	-0.422440762	0.01402905
Glycerol 3-phosphate	-0.006990624	0.975724809	-0.955653301	0.000181317	-1.108464151	0.002882941	-1.387180354	8.5252E-05	0.630891531	0.174922295
Glycine	2.002589931	5.79867E-06	2.579773967	4.30461E-11	2.531408402	1.63726E-09	2.282921919	6.10052E-09	2.293949993	1.636E-06
Glycolic acid	-0.447318649	0.003313045	-0.030684684	0.701981018	-0.373387233	0.027930839	-0.187114247	0.180124435	0.656015742	0.029791898
Glyoxylic acid	-0.86636685	0.032265223	0.11372215	0.568565878	-0.35082125	0.190562458	-0.120534753	0.460422004	0.786894755	0.323003086
Guanine	-1.037307753	0.001099843	-1.812506164	0.133620784	-1.330356294	0.009083238	-3.273070507	0.040868844	-0.307468258	0.348086843
Heptadecanoic acid	-3.63908562	0.134852029	0	0.249433999	0	0.087603642	-1.860874409	0.25083182	#NUM!	0.159186117
Heptanoic acid	-0.855140202	0.021773641	0.148492525	0.43447609	-0.495802691	0.038538504	0.324128359	0.390601952	-0.170440449	0.409451894
Homoserine	0.125226404	0.670088019	-0.724102876	0.024690892	-1.123944423	0.064815955	-2.111355231	0.011164084	0.931007822	0.242834824
Hypoxanthine	-2.095733694	0.002155944	-1.730765205	0.003688013	-2.367613614	2.83995E-06	-1.944606316	0.007104601	-1.149303676	0.028240027
Iminodiacetic acid	-1.423809576	0.00207437	-0.223001826	0.476995222	-0.754197941	0.029910254	-0.008519039	0.975336015	-0.509086469	0.150159214
Inosine	-1.295998632	0.000148109	0.343267149	0.273439369	-0.691864136	0.04040056	-1.339607625	0.019290067	0.309529423	0.902442099
Inosine 5'-monophosphate	-2.427986852	0.001626716	-0.910808583	0.139450731	0.111847419	0.894730921	-2.84122644	0.00961845	-1.409102035	0.051888994
Inositol phosphate	-1.200714208	0.006798255	-1.381212534	0.001572374	-0.890583348	0.016830808	-0.78175275	0.046858211	0.323017907	0.842515357
Isocitric acid	0.658466951	0.106366828	-0.700641654	0.038990486	-1.378411079	5.32063E-05	-0.259160163	0.496391347	0.772039753	0.182071229
L-Alanine	2.322251455	2.0523E-12	0.778040189	1.07581E-06	0.671823862	0.000396234	1.292836645	1.28471E-07	4.338117107	3.82746E-06
L-Ascorbic acid	-1.171336627	0.013257143	1.249228281	0.202468633	-1.098583457	0.176962733	-2.053623938	0.006268957	2.552548405	0.078210017
L-Asparagine	-0.599920991	0.089294074	-0.214872775	0.755279267	1.527956789	0.203602851	-0.125869535	0.898234693	4.244918075	0.018717678
L-Aspartic acid	0.850815348	0.008805552	-1.826463747	0.000262831	-0.905720556	0.029311627	0.581505803	0.015609674	1.199008293	0.011648404
L-Glutamic acid	-0.626056458	0.202687025	-2.579003958	0.000728612	-1.847474531	0.000954054	-2.385490491	0.000420647	-1.116394204	0.002493049
L-Gulonic acid gamma-lactone	-0.938565766	0.118267029	1.734301335	0.048436879	-0.919926067	0.198581478	-1.741655662	0.07283085	2.117188619	0.03348699
L-Isoleucine	1.063415577	0.000920185	0.389173451	0.003855165	-0.140631404	0.594959638	0.647913951	0.003944746	1.995625428	0.000329859
L-Lactic acid	-0.467199485	0.222571666	0.417014075	0.043653171	0.134197827	0.539847234	0.928262288	0.000824572	0.548228713	0.399509498
L-Leucine	-0.715091796	0.024717708	-0.072617733	0.633033069	0.104562612	0.785466878	0.688867621	0.052081125	0.805163996	0.08841545
L-Lysine	-2.473820035	0.001305954	-5.331116718	0.002089435	-2.339682058	0.001831164	-2.473716315	0.000489454	-2.162810354	0.000486388
L-Methionine	0.32951015	0.313393267	0.085340985	0.668738665	0.027651854	0.883986081	0.064831736	0.741732492	0.031424696	0.09691743
L-Phenylalanine	-0.56267113	0.027771791	-1.375309629	0.000609431	-1.291059145	3.53692E-05	0.078153038	0.60043969	-0.064282582	0.131776548
L-Proline	-0.380087047	0.03063881	-0.045521336	0.780918186	-0.306220136	0.425172912	-1.261435951	0.010561257	-0.094609398	0.217732914
L-Serine	-0.083889037	0.546548931	-0.957157697	0.00010994	-1.586381622	0.000201779	-0.667214651	0.012941826	-0.2596375	0.02304296
L-Sorbose	0.314372834	0.326880988	0.029666038	0.898202525	0.147406958	0.447679062	-0.247340109	0.330558952	0.375839962	0.824327345
L-Threonine	0.167947011	0.319628333	-0.928547049	4.05336E-05	-0.707271636	0.167543342	0.222089206	0.523726382	0.406654554	0.485157892
L-Tyrosine	-2.309293197	9.37633E-05	-2.963225045	9.70811E-05	-1.727953337	0.001656548	-0.605025184	0.062954414	-1.89613968	0.002215715
L-Valine	1.236272279	0.000459588	0.446689955	0.000943634	0.381666302	0.277670951	1.789300839	0.002746814	2.389914845	2.67867E-06
Lanosterol	-2.641543437	0.009182937	-2.191968976	0.000504729	-1.845181735	0.000852361	-2.126395924	0.000689709	-0.651335365	0.009920482
Lauric Acid	-1.231214497	0.003067973	-0.627478523	0.024120894	-0.800139543	0.02427788	0.014866004	0.922842258	0.196716931	0.808843227
Linoleic acid	-0.683356018	0.076390554	-1.331832667	0.014736135	0.04215141	0.919210938	0.341840813	0.555440444	-0.372554678	0.062026134
Malonic acid	0.149937263	0.725531521	-0.034175658	0.945550769	0.04978782	0.910428138	0.130919478	0.797147133	1.887302336	2.1256E-05
methyl-beta-D-Galactopyranoside	-0.703568327	0.230101882	-2.870397935	0.017726812	-2.893626743	0.294435975	-4.285289341	0.003129431	-1.821671621	0.014668476
Methylmalonic acid	0.886017803	0.003953628	0.165335621	0.399296172	0.319942121	0.097788208	1.393379481	1.06386E-05	1.796403046	5.81288E-07
Myoinositol	-0.525560336	0.079487278	-0.693214791	0.000476641	-0.827590151	0.005242093	-0.41968632	0.016784305	0.196543132	0.703323389
Myristic acid	-1.482086863	0.001698117	-0.988540856	0.00306187	-1.808595364	1.25756E-05	-1.691037616	5.75757E-06	-0.271906298	0.20271021
N-acetyl-L-aspartic acid 1	-1.055275515	0.12238106	-3.611769863	0.004064746	-0.150063937	0.869702595	-1.106262873	0.149241732	-0.023913316	0.652552679
N-acetyl-Lysine	-1.937763615	0.054209467	-2.546848505	0.008338282	-3.564260109	0.141953302	-3.379466002	0.131064735	-2.644987013	0.024263707
Nicotinamide	-0.374708991	0.332954297	-0.483004581	0.073505474	0.164531753	0.411649099	0.114123479	0.635389232	-0.233269873	0.068721623
Nitrous Oxide	-1.2806358	0.021230529	0.488224505	0.147591181	-0.967135113	0.006571896	-0.239497795	0.538028942	-0.284111896	0.356117565
Nonanoic acid	-1.160383915	0.004422892	0.112569052	0.419761638	-0.757507619	0.004485007	-0.189312453	0.484975317	-0.354623501	0.225571508
O-Phosphoethanolamine	-1.155758478	0.002347113	-1.329252394	0.004581897	-0.866128606	0.044173131	-1.249233813	0.007536701	-0.944232286	0.0179862
Oleic acid	-0.720251345	0.101680553	-0.995128339	0.025937375	-0.579501516	0.059685721	-0.219741609	0.549734775	-0.359320226	0.036569632
Ornithine	-6.562107439	0.001375191	-8.078420621	0.001038513	-6.167752811	0.000483618	-6.537512029	2.04021E-05	-5.982165946	0.000625369
Orotic acid	-3.96860657	1.81521E-05	-2.932519745	1.19714E-05	-3.248451183	0.001342489	-4.284137244	2.89176E-06	-4.307317866	0.000358102
Palmitic acid	-1.522073719	0.011126861	-2.179240009	7.08397E-07	-1.157122279	0.012279953	-1.120896323	0.020785739	0.764368456	0.113047541
Palmitoleic acid	-0.721089739	0.082656088	-0.940926473	0.032195348	-0.484076667	0.07197802	-0.081260859	0.819380421	-0.235475317	0.124011583
Phosphate	-0.407619863	0.046674232	0.071753094	0.654798998	0.162687569	0.577856524	-0.457819983	0.057170874	0.531007686	0.490336091
Phosphatidyl Glycerol	-0.228859544	0.436377792	0.136243325	0.876892676	-0.195233077	0.775444775	-3.629972546	0.005776669	-1.298829804	0.145985828
Phosphoenolpyruvate	-0.763107235	0.015065574	-1.019296852	0.076904721	-1.296234656	0.008633522	-3.325861818	0.001346333	-0.801272478	0.005630823
Putrescine	-1.981283414	1.84393E-06	-1.584532967	0.000382479	-1.083924431	0.003676724	-1.957931794	0.000333894	-2.480998267	3.19005E-08
Pyroglutamic acid	-0.468973056	0.000275377	-0.609157416	3.45831E-05	-1.286888787	0.000224817	-1.5653154	4.29434E-05	-0.09942218	0.041690088
Pyrophosphate	-0.473603709	0.45913424	-0.208993333	0.729015454	-1.654776681	0.058192771	-3.718125371	0.070595623	0.693988297	0.641345639
Pyruvic acid	-1.091087055	3.79473E-05	-0.515642749	0.390856184	-0.655356778	0.003111843	-1.326394098	0.094548319	-0.019950154	0.318848991
Ribitol	0.192523292	0.190993623	-0.416122422	0.126799965	-0.582814437	0.081679262	-0.686051307	0.107026856	0.626174319	0.287038793
Ribonic acid-gamma-lactone	0.18363324	0.561927785	-0.752187068	0.005046998	-1.656549316	0.001477576	-0.925600741	0.00117805	0.886644872	0.094929863
Sedoheptulose 7-phosphate	0.19487292	0.381554451	-0.505572202	0.005601497	-0.126899742	0.557286167	-1.07393396	0.006816592	0.457282599	0.450666839
Sophorose	0.190983269	0.752724058	-2.902972684	0.119776871	#NUM!	0.094558697	-1.335322098	0.262867176	1.37536899	0.258865311
Sorbitol	-0.796140354	1.80615E-07	-0.485853106	0.037250009	-0.565396395	0.042201395	-1.431015075	0.008405641	-0.379398161	0.021736783
Stearic acid	-1.50937854	0.023934595	-2.260735305	5.83298E-05	-1.400766161	0.010889019	-1.800630093	0.005122455	0.90043627	0.119349133
Succinic acid	-0.058933589	0.635973229	0.057902876	0.66208879	-0.247716174	0.160787015	-0.25975362	0.268962869	0.336588818	0.736367452
Sucrose	0.700346586	0.309553912	0.436905342	0.348906129	-0.593370286	0.193518013	-1.143339795	0.042767796	0.679457569	0.247186994
Threonic acid	-0.382539465	0.053005541	-0.085277559	0.52223335	0.442228534	0.107423651	0.9351843	0.000187211	2.914827146	2.58086E-05
Thymine	-0.719164516	0.000321948	-0.370600406	0.047326694	3.172394986	0.2558263	-0.203376585	0.358265486	-0.916607034	0.007539571
Trehalose	-0.056083668	0.964907626	-1.16336437	0.122225582	-1.671805998	0.015211617	-2.001569881	0.029604929	1.085730917	0.084100206
Turanose	0.561207334	0.166855916	-1.222047355	0.374765284	-2.026052436	0.000247359	-2.71297743	3.40287E-05	1.159577147	0.049865158
Unknown acid	-0.545438591	0.051547567	0.704790385	0.007872094	-0.731846598	0.057086097	-0.985920826	0.206590148	-0.027491604	0.543790872
Uracil	0.71675396	0.044278463	0.465185368	0.017265269	0.083634501	0.50345414	0.569890507	0.004105208	0.048854971	0.56542607
Urea	-3.238686904	7.10688E-06	-2.227276109	0.000320823	-2.38212282	5.93128E-06	-3.352481723	9.75374E-07	-1.77316971	2.75461E-07
Xanthurenic acid	0.905991059	0.142574719	0.314670856	0.312241952	0.254509669	0.382865169	0.026249977	0.911150334	1.956634193	0.001902354