	000min_oar1_lfc	000min_oar1_bh	015min_oar1_lfc	015min_oar1_bh	030min_oar1_lfc	030min_oar1_bh	060min_oar1_lfc	060min_oar1_bh	180min_oar1_lfc	180min_oar1_bh
1-Monomyristin	-0.111529771	0.588714153	-0.283901556	0.094893906	-0.501002808	0.079160957	0.006451317	0.976448087	0.090839438	0.546929425
1-Octadecene	-0.870268755	0.035742523	-0.528756938	0.052895819	-0.559996687	0.042901426	-0.146898635	0.499481769	-0.578123637	0.005192081
1-Palmitoylglycerol	-1.146198101	0.002806489	-0.393567726	0.028418784	-0.596932226	0.067614014	-0.023190278	0.934933956	-0.318779875	0.177518946
1-Steroylglycerol	-0.550269517	0.059107395	-0.485030316	0.001337774	-0.487046747	0.063254877	-0.234915381	0.371580794	-0.018863329	0.339699125
"1,6-anhydro-Glucose"	0.484694164	0.094123423	0.066226828	0.641347827	-0.199488859	0.412950434	-0.342668162	0.200578981	0.435412575	0.374494161
2-Hydroxybutyric acid	-0.654346057	0.064942701	-0.465902416	0.054881345	-0.190166171	0.579876432	0.04305979	0.896094483	0.868810185	0.258177014
2-Hydroxyglutaric acid	2.506310781	0.000166711	2.291277642	2.30117E-05	1.509579529	0.037593297	1.210028482	0.13592965	2.398881957	0.000363692
2-Ketoisocaproic acid	-1.200955466	0.028695771	-0.289536935	0.28563373	-0.122454182	0.659779365	-0.666377428	0.03878777	0.450852869	0.625466758
2-Monopalmitoylglycerol	1.238851654	0.142018487	-1.208296717	0.301728212	2.572768073	0.046519976	0.066836358	0.919394978	0.301613903	0.94807036
2-Steroylglycerol	-0.67611841	0.200819294	0.686050628	0.419651536	-0.484595647	0.636704009	2.295606219	0.142080002	-0.072218062	0.638372855
3-Phosphoglyceric acid	-0.949858399	0.000137886	-2.082999735	0.005576011	-0.826134609	0.095692746	-1.961764564	0.026637789	-0.897690225	0.033154759
4-Hydroxyproline	-0.88103544	0.018407122	-0.715893624	0.002175755	-0.122842268	0.667122539	0.054877362	0.850358458	0.079981081	0.575858065
Adenine	-0.227098325	0.375158025	-0.984104478	0.000133264	-1.553214624	0.001073137	-1.640064647	1.39142E-05	-0.987939477	0.031155937
Adenosine	-0.269792768	0.33271033	-1.758055759	0.240197016	-0.413932985	0.044630704	-0.633841678	0.485234521	-0.292405353	0.164687099
Adenosine monophosphate	0.740533832	0.073671433	-0.729019905	0.044850848	-0.71597237	0.101460543	-1.209307111	0.033317792	1.183847543	0.215048189
Adipic acid	-0.242082117	0.290251609	-0.477700558	0.234351899	-0.323237001	0.269195926	0.106936824	0.634307996	0.217104541	0.907677972
Allantoin	-0.339584205	0.646328323	0.277327051	0.628157617	0.641476802	0.406062033	0.093801753	0.910886638	-0.909258079	0.111842437
alpha-D-Glucosamine 1-phosphate	-4.789183422	0.000297221	-5.515792007	1.08056E-05	-3.485113537	6.27208E-05	-5.472918577	1.80779E-06	-3.343752268	0.003472504
Arachidic acid	-0.714078726	0.122491071	-1.032500811	0.007939486	-1.373707966	0.001502	-0.615339345	0.078454304	0.167262373	0.658567791
Arachidonic Acid	-0.051467242	0.946957031	-0.976080985	0.276614391	0.043141834	0.925841915	-1.307291929	0.167828307	-1.807201982	0.150756439
Azelaic acid	-1.212669988	0.000801595	-0.944594976	0.004222728	-0.438136788	0.132527661	-0.279368938	0.250122826	-0.092592351	0.093158105
Benzoic acid	-0.552175461	0.11031918	-0.24954848	0.195870767	-0.107152744	0.62301479	0.186565415	0.543081243	0.027438949	0.55238261
Beta-Alanine	-0.022660551	0.889092078	-0.583721165	0.007363698	-0.547399274	0.057272553	-0.481906458	0.068914476	0.082122061	0.075094541
Beta-Glycerophosphoric acid	-0.468879591	0.343158814	-0.492674049	0.473004683	0	0.194004222	1.208900492	0.519042192	-1.045355098	0.218722414
Beta-Hydroxyisovaleric acid	-0.047888007	0.901910551	-0.102403222	0.706119923	-0.406269133	0.098903996	-0.863743925	0.040220615	0.17521294	0.878064096
Capric acid	1.186004963	0.057309098	-0.195832868	0.439208448	-0.114838154	0.613660994	0.420963974	0.124582018	0.149140555	0.742454134
Cellobiose	-0.973622921	0.135100072	-1.913044553	0.223743995	-0.238935402	0.678917586	-1.187006551	0.096351681	1.069484987	0.531897586
cis-Aconitic acid	-0.478272803	0.568422761	1.015313373	0.201458078	2.491598789	0.034862209	1.693352074	0.175036885	-0.281919883	0.524137421
Citric acid	0.099772833	0.754468049	-2.458358917	0.000663141	-2.231045802	8.55548E-05	-3.858562557	2.51185E-05	-3.011101135	2.19835E-05
Cystathionine	0.502093387	0.516609824	-0.167150671	0.806567708	-0.697737468	0.143279396	-2.1830284	0.004529255	-0.644220979	0.369067822
D-Fructose	0.107769833	0.577646005	0.014987764	0.946835158	-0.174927952	0.737127054	-2.822727698	0.003392609	-0.266074986	0.172085266
D-Glucose	-1.074782503	0.022015732	-0.221627526	0.735352923	-0.626929651	0.340950439	-1.89129466	0.028979002	0.417676109	0.785884357
D-Malic acid	2.488517822	1.07375E-05	1.703368578	0.000326979	1.123130582	0.013650505	0.483718471	0.190321717	1.875480023	0.000279863
D-Mannose	0.553918597	0.014109916	0.25292512	0.327001286	0.0958359	0.776297891	-1.191436164	0.025649018	-0.023157038	0.486547078
D-Ribose-5-phosphate	0.043555447	0.909737021	-1.226364307	8.51751E-07	-0.263089084	0.286598743	-0.495680618	0.090427044	0.130580366	0.6755836
D-Threitol	-0.286961634	0.027962046	-0.580372066	0.034122164	0.008079366	0.960398448	-1.095821757	0.131873628	0.522600643	0.344149597
Eicosane	-1.206221448	0.007198573	-0.458419382	0.130625662	-1.107817307	0.041449215	0.478704488	0.322384293	0.013349466	0.592558466
Elaidic acid	-1.012002147	0.091686281	-0.425395522	0.216612307	-1.051915004	0.007945793	-0.104849294	0.783211018	-0.431993084	0.059416635
Ergosterol	-0.440285335	0.511470597	-0.991959188	0.126454914	-0.179901854	0.714538888	1.081983039	0.057251946	0.153195602	0.862839865
Ethanolamine	-1.258506284	0.012472365	-0.411972401	0.106076342	-0.230199501	0.450746103	0.305779328	0.605147397	-0.458439779	0.192985819
Ethanolamine	-0.50882027	0.086781201	-0.068436433	0.616650153	-0.175426788	0.420169658	0.269728654	0.467211263	-0.313954706	0.161237585
"fructose-1,6-diphosphate"	0.971414674	0.041565323	-1.2749465	0.014077203	-0.424436669	0.510106171	-4.154918741	0.011938739	0.558157492	0.774516468
Fructose-6-phosphate	0.66386109	0.159786129	-1.548702407	0.002646515	-0.30859415	0.490454327	-2.92312207	0.000739126	-0.488382891	0.046030435
Fumaric acid	2.481641293	9.78783E-08	0.580097413	0.073540573	0.641028475	0.000216777	0.483753036	0.045817239	1.61252471	0.000147505
Galactonic acid	-0.015849308	0.964584345	-0.712332502	0.011716491	-0.835054172	0.049827936	-0.124479826	0.620742602	0.295621553	0.933838895
Glucose 6-phosphate	0.139473463	0.622578261	-1.357908427	0.014791776	-0.392847218	0.359861282	-2.449299045	0.000874026	-0.739370225	0.003806596
Glutamine	-0.992215773	0.096495337	-2.86568426	0.003002197	-3.762961747	0.019262018	-2.394876381	0.088629974	-0.978931241	0.065935393
Glutathione	-0.424683501	0.395668695	-1.24619141	0.082145082	-1.228321706	0.085428504	-3.179016099	0.129703981	1.41168773	0.311693441
Glycerol	-0.79796707	0.245165732	-0.172163685	0.542390426	0.002596749	0.979628151	0.334782097	0.430990488	-0.598469753	0.014508098
Glycerol 3-phosphate	0.468972088	0.131463756	-1.092417613	6.58004E-05	-0.899610688	0.004225477	-1.083819007	0.000344311	0.499535973	0.285172479
Glycine	2.535792828	4.95969E-07	2.473871439	8.37215E-10	2.214120321	2.8147E-05	2.488717026	1.06296E-08	2.37861104	8.68763E-07
Glycolic acid	-0.034914565	0.741312217	-0.038054973	0.721341278	-0.180572019	0.105741073	0.166589556	0.423041863	0.556344834	0.027395061
Glyoxylic acid	-0.743148859	0.049860364	-0.316259839	0.156150202	-0.106483698	0.646309109	0.210724886	0.454734475	0.365520976	0.818550136
Guanine	0.220017983	0.45038122	-1.786451885	0.12159261	-1.125247484	0.021748666	-0.851382551	0.328618599	-1.025698997	0.034551736
Heptadecanoic acid	-2.857664493	0.151739336	0	1	0	1	-2.779894596	0.153462552	4.027386981	0.135710972
Heptanoic acid	-1.115278059	0.004606675	-0.430369447	0.047386057	-0.168548646	0.542039127	0.446976082	0.210082359	0.115597802	0.796357617
Homoserine	-0.276545517	0.26921617	-1.499355614	0.001508802	-0.519408896	0.253894893	-1.722704316	0.020131738	0.93899597	0.299789459
Hypoxanthine	0.112353907	0.794011922	-0.70905143	0.108303673	-2.877026782	7.93451E-07	-4.107357261	0.001207144	-1.177230684	0.011407866
Iminodiacetic acid	-1.040726716	0.005183965	-0.448562542	0.168076053	-0.284721964	0.328492277	0.501736904	0.232051589	-0.283418742	0.279703172
Inosine	0.300808129	0.367106906	0.213165105	0.496481196	-0.837098002	0.029421852	-0.891135193	0.097913759	-0.103323504	0.262412764
Inosine 5'-monophosphate	0.495605757	0.309565266	-1.734904284	0.009882822	-0.520485685	0.456058552	-1.861012994	0.021640608	-0.638425233	0.235062416
Inositol phosphate	-0.728435911	0.053493004	-1.063948544	0.006296817	-1.227482995	0.000566418	-0.245607442	0.415372517	0.116377594	0.381101443
Isocitric acid	0.665179622	0.221179677	-0.59393333	0.067854259	-0.912870783	0.003380627	0.102044471	0.740223352	0.673948902	0.240779938
L-Alanine	2.309107569	5.71807E-09	0.356264936	0.012107312	0.233705726	0.211969763	1.46943758	3.00168E-07	4.211987639	1.69601E-07
L-Ascorbic acid	-0.845059152	0.031423	0.035975121	0.954921499	-0.492971834	0.439441984	-3.050410277	0.001553733	-0.420750963	0.493482713
L-Asparagine	-1.047435182	0.002378599	-0.212514819	0.756740825	1.282658923	0.225781547	-0.991137482	0.446787541	2.937652521	0.072664577
L-Aspartic acid	0.741777679	0.025192795	-2.288438537	3.64605E-05	-0.591671641	0.053631303	0.721058881	0.008768005	1.070194238	0.02070992
L-Glutamic acid	-0.852301679	0.088375789	-2.414128763	0.000700538	-1.931795829	0.000472712	-2.267724354	0.00059027	-0.428101219	0.029380743
L-Gulonic acid gamma-lactone	-0.831425556	0.116383916	0.262871021	0.689247352	-0.333903138	0.528249539	-3.325224493	0.013453455	0.986485968	0.305989649
L-Isoleucine	1.342778964	9.36941E-05	0.347868766	0.007091302	-0.000238266	0.991220665	0.371103289	0.054474496	1.644189673	9.45326E-05
L-Lactic acid	-0.161668563	0.602792457	-0.211272123	0.309465851	0.420962143	0.030822293	1.737496588	3.81694E-05	0.836659329	0.139067881
L-Leucine	-0.20538274	0.327265551	-0.486386931	0.030383207	-0.075782914	0.823296478	1.02960013	0.023345711	1.114979098	0.023455842
L-Lysine	-1.850165359	0.003181419	-3.388382603	0.00343961	-2.776639288	0.000812842	-2.828759191	0.00036621	-2.079913693	0.000320662
L-Methionine	0.936725272	0.005916772	0.020833225	0.920428101	0.242470772	0.149095646	0.561773629	0.01875986	-0.348444678	0.008584241
L-Phenylalanine	-0.036993042	0.827176536	-1.438293457	0.000360595	-0.683549618	0.001279968	0.217248203	0.158778266	0.209491597	0.750508691
L-Proline	0.136972158	0.356335779	-0.083284318	0.669700448	-0.456622328	0.21772836	-1.164944603	0.010284117	-0.46169524	0.07677114
L-Serine	0.11383547	0.552329268	-1.098846162	2.99605E-05	-1.044380244	0.002974063	-0.724570504	0.007715092	-0.338434435	0.009730487
L-Sorbose	0.438673473	0.048547895	0.053241867	0.792805637	0.098255587	0.603998382	-0.378358152	0.171805878	-0.821209193	0.044223424
L-Threonine	0.311621273	0.016018938	-1.45678342	3.95328E-07	-1.450138774	0.013115835	0.031423096	0.885385661	0.389901996	0.458530865
L-Tyrosine	-1.311573414	0.002052269	-2.239527306	0.000233813	-1.50341845	0.003777719	-0.316505722	0.27162341	-0.853255932	0.100949009
L-Valine	1.455073243	1.32549E-05	-0.412066342	0.009269006	-0.065925515	0.81080478	1.645583233	0.000293997	2.460571515	1.56545E-05
Lanosterol	-2.457449993	0.007531942	-2.177940173	0.00051407	-2.093201065	0.000349964	-1.354085068	0.005271406	-0.248253736	0.122978023
Lauric Acid	0.240579233	0.464408976	-0.235100316	0.349160027	-0.655880334	0.028260238	0.116370575	0.56157741	0.158413751	0.730065233
Linoleic acid	-1.035679415	0.008944467	-0.845188825	0.06976443	0.393423328	0.280851849	0.476034074	0.289760546	-0.12636305	0.228978495
Malonic acid	1.038727295	0.027241892	0.736624414	0.025790133	0.214339484	0.484183533	-0.001750304	0.99680599	2.180106003	2.45966E-06
methyl-beta-D-Galactopyranoside	-1.434190822	0.032461496	-3.019114741	0.017160594	-2.862575692	0.245823335	#NUM!	0.00219296	-0.367211007	0.155434927
Methylmalonic acid	1.283040164	0.000568522	-0.255904067	0.159526082	-0.084560045	0.686046975	1.541671817	1.46925E-07	1.49072776	0.00164821
Myoinositol	-0.124693559	0.426241626	-0.975687492	8.56827E-05	-0.923515899	0.002278953	-0.268521959	0.119892111	0.069510839	0.167691241
Myristic acid	-0.638244675	0.044365742	-0.895438381	0.005760031	-1.396386323	0.000130005	-1.351017658	9.09974E-05	-0.527167804	0.083662084
N-acetyl-L-aspartic acid 1	-1.857181206	0.030300673	-3.412005392	0.004879042	1.088657105	0.249853367	-1.935412043	0.03206016	-0.051296097	0.700143721
N-acetyl-Lysine	-1.974268176	0.039537844	-2.961909501	0.00601151	-1.755197998	0.203131088	-3.425686072	0.11653759	-2.323272062	0.028343735
Nicotinamide	0.6721665	0.078686716	-0.185191225	0.424017635	-0.306304196	0.188568125	0.212368782	0.349146892	0.093281265	0.601007737
Nitrous Oxide	-1.196715637	0.022815393	-0.123848224	0.697610926	-0.05354478	0.834526354	0.38690642	0.367555988	-0.116851798	0.450418725
Nonanoic acid	-0.812263558	0.011457225	-0.250980605	0.099781068	-0.332494247	0.23505408	0.11777667	0.684573184	-0.214955072	0.316229517
O-Phosphoethanolamine	-0.038228445	0.878770278	-1.010941256	0.010998513	-0.893683205	0.015046324	-0.269142845	0.477197096	-0.561877767	0.061095959
Oleic acid	-1.243932999	0.010619752	-0.660580236	0.133593764	-0.66492692	0.023549407	0.091761393	0.759262678	-0.266176664	0.067605297
Ornithine	-5.558333817	0.001272589	-6.400443953	0.000929554	-3.707349626	0.000701851	-6.590311795	2.03404E-05	-5.922458106	0.000626832
Orotic acid	-1.827105642	0.000427093	-2.506781342	1.72297E-05	-2.465808243	0.002610212	-3.644442398	4.43738E-06	-4.238360546	0.000392935
Palmitic acid	-1.321501591	0.01204107	-0.863620806	0.019556395	-1.087966067	0.014562431	-0.898063899	0.02836169	0.374044325	0.691953901
Palmitoleic acid	-1.019939192	0.017568784	-0.655944447	0.146661364	-0.56541165	0.033014491	0.184422438	0.578753303	0.066504003	0.506322163
Phosphate	-0.351314143	0.113889918	-0.340845483	0.14094549	-0.073884438	0.798377736	-0.426355863	0.10498735	0.549295365	0.399330706
Phosphatidyl Glycerol	-0.145883617	0.659278311	-1.227691926	0.193136405	-0.079076396	0.897974851	-1.663313354	0.034067333	-0.631241656	0.24944995
Phosphoenolpyruvate	-0.712432565	0.009733877	-1.776123887	0.018397177	-1.46976287	0.006530413	-2.592172092	0.002545687	-0.773335035	0.006135192
Putrescine	-1.552977711	3.48218E-05	-1.783470227	5.2017E-05	-1.541999628	0.001609892	-2.376966909	0.000192745	-2.275724954	3.30376E-08
Pyroglutamic acid	-0.435860974	0.000197647	-0.874702209	2.33673E-06	-1.20968268	0.000181135	-1.706583372	4.91515E-05	-0.14488912	0.024334506
Pyrophosphate	-0.905115033	0.103426197	-1.710890264	0.086491783	-0.95212732	0.153743156	-3.074014592	0.072391631	-0.550447621	0.464111405
Pyruvic acid	-1.061947637	0.000494839	-2.021445648	0.001991538	-0.757771839	0.000620053	1.076866616	0.23888571	-0.122918389	0.010824777
Ribitol	0.384205257	0.052345748	-1.37193445	0.001090633	-0.359238062	0.164613922	-0.680318528	0.061215042	0.454123374	0.44343013
Ribonic acid-gamma-lactone	0.000881339	0.997321297	-1.266441694	0.000254275	-0.863736553	0.040166676	-1.076703593	0.001939766	0.729016033	0.225598518
Sedoheptulose 7-phosphate	0.594490127	0.081720349	-0.903096814	0.000477693	-0.237948533	0.322459026	-1.348908934	0.002939517	-0.056669866	0.20268892
Sophorose	0.428751794	0.439341396	-3.696161436	0.092043883	-4.372500506	0.087661896	-3.035005946	0.066815525	2.355659024	0.133124035
Sorbitol	-0.950986935	5.05701E-06	-0.582293059	0.029411617	-0.774129957	0.00838798	-1.376709084	0.009518081	-0.502948958	0.007334379
Stearic acid	-1.034090397	0.055960036	-0.462876159	0.315117887	-1.484644889	0.006122587	-1.777188598	0.002430101	0.468936165	0.540522454
Succinic acid	0.331992799	0.036922034	-0.034781286	0.813563307	-0.258614896	0.127867577	-0.032228122	0.867989964	-0.007792483	0.183713754
Sucrose	2.063428359	0.072460772	0.1004269	0.852222796	-0.436781747	0.365893891	-1.293654421	0.027432669	0.569558201	0.328650153
Threonic acid	-0.193989116	0.316243688	-0.05155839	0.652936022	0.504135151	0.055833311	1.299478297	0.003145691	3.455436183	3.07355E-05
Thymine	0.116417439	0.444966862	-0.601077034	0.01068597	0.81891832	0.273615841	-0.363680065	0.243017569	-1.427220126	0.001095617
Trehalose	-1.256471882	0.252341752	-2.755288699	0.0127732	-0.335828347	0.354849982	-1.319285356	0.086483403	0.518846359	0.421689456
Turanose	-0.302383227	0.62925123	0.2741651	0.827272962	-1.231227323	0.005337238	-1.655900582	0.0006678	0.60872277	0.196838407
Unknown acid	-0.390714335	0.178824158	0.150594607	0.531035117	-0.47070281	0.172312412	-0.594061819	0.395075144	-0.487566369	0.081101205
Uracil	1.525977962	0.000226259	0.603282936	0.010353265	-0.004090077	0.950356886	0.9867157	1.72779E-05	-0.399527357	0.097790398
Urea	-2.727720802	7.31955E-06	-2.793595917	0.000122716	-1.793853155	0.000108027	-2.770291777	3.25941E-06	-1.779211937	5.81113E-07
Xanthurenic acid	1.762935081	0.000362965	0.968191732	0.003839017	0.880760209	0.001726615	1.245884267	0.000536407	2.167083306	0.01939757